
P =

    0.6265    0.0137   -0.3748   -0.0604
   -0.0002   -0.6241   -0.2715   -0.0012
   -0.0000    0.0000   -0.0009    0.0000


K =

   -0.6265   -0.0016   -0.3750
         0    0.6327   -0.2508
         0         0   -0.0009


R =

   -1.0000    0.0003    0.0001
   -0.0003   -0.9995   -0.0329
    0.0001   -0.0329    0.9995


T =

    0.1060
   -0.0083
   -0.0160


project_error =

    0.4271


